1.000000000 0.000000000 0.000000000 0.000000000 0.000000000 1.000000000 0.000000000 0.000000000 0.000000000 0.000000000 1.000000000 0.000000000
0.999977529 -0.001275327 -0.006578715 -0.000825966 0.001273544 0.999999166 -0.000275269 -0.002956033 0.006579061 0.000266885 0.999978304 -0.001595262
0.999922991 -0.001390153 -0.012333188 -0.001288870 0.001321245 0.999983490 -0.005593614 0.000660058 0.012340761 0.005576888 0.999908268 -0.006100855
0.999957740 -0.006032343 -0.006940714 -0.004048326 0.006030600 0.999981761 -0.000272128 -0.002820555 0.006942229 0.000230259 0.999975860 -0.003505809
0.999882400 0.005063616 -0.014473815 0.002856939 -0.004973487 0.999968052 0.006256272 0.001017636 0.014505032 -0.006183551 0.999875665 -0.013404447
0.999830902 -0.000885496 -0.018366445 0.000459055 0.001032115 0.999967694 0.007975042 0.003364790 0.018358788 -0.007992650 0.999799490 -0.013067248
0.999820471 -0.004394438 -0.018432826 0.003497036 0.004285848 0.999973238 -0.005926479 0.048195500 0.018458376 0.005846414 0.999812543 -0.067970961
0.999815583 0.000140786 -0.019202139 -0.000647938 0.000257329 0.999785125 0.020728784 0.030281326 0.019200930 -0.020729903 0.999600708 -0.048802320
0.999840975 0.003230765 -0.017538894 0.003966647 -0.002434349 0.998973131 0.045241527 0.001339386 0.017667048 -0.045191634 0.998822093 -0.021400155
0.999719381 -0.022834307 0.006308055 -0.040337935 0.021732116 0.989989519 0.139457822 -0.146627501 -0.009429330 -0.139281586 0.990208030 0.167721272
0.999794364 -0.018605838 -0.008063382 -0.043100916 0.019608749 0.988389850 0.150668129 -0.153037563 0.005166460 -0.150795326 0.988551497 0.166862994
0.999517918 -0.008467749 -0.029872898 -0.035532989 0.013274449 0.986274242 0.164581493 -0.161340639 0.028069228 -0.164898679 0.985911012 0.166213512
0.998797059 -0.004534399 -0.048827916 -0.031430349 0.012753868 0.985469759 0.169370428 -0.162054196 0.047350444 -0.169789419 0.984342098 0.174655929
0.997227728 -0.000293910 -0.074412309 -0.028877672 0.013941069 0.983023763 0.182946742 -0.185047343 0.073095299 -0.183476955 0.980302632 0.189680785
0.994848073 0.007040758 -0.101132534 -0.026722327 0.007814186 0.989291728 0.145742401 -0.117495380 0.101075687 -0.145781770 0.984140038 0.080744386
0.992859900 0.010857192 -0.118791208 -0.021557517 0.006755234 0.989133537 0.146864533 -0.103543267 0.119094886 -0.146618322 0.981997669 0.053316880
0.991766572 0.012826534 -0.127414852 -0.023487639 0.007691806 0.987208188 0.159250900 -0.115349717 0.127827629 -0.158919767 0.978981376 0.086180329
0.991282105 0.010938439 -0.131302416 -0.035629183 0.011410533 0.985677004 0.168259069 -0.123059154 0.131262213 -0.168290421 0.976958871 0.095669709
0.991557956 0.004279793 -0.129594639 -0.041641764 0.017951328 0.985299885 0.169888675 -0.117968842 0.128416643 -0.170780838 0.976904929 0.097092047
0.988770545 0.006098745 -0.149317488 -0.024236012 0.016688645 0.988411009 0.150881931 -0.075793266 0.148507208 -0.151679486 0.977209806 0.068855502
0.986220777 0.009592190 -0.165157109 -0.015489124 0.015180265 0.988858998 0.148079693 -0.064477406 0.164737478 -0.148546383 0.975087404 0.054703757
0.983344674 0.016654385 -0.180986404 -0.004394354 0.005243398 0.992778778 0.119844258 -0.001256699 0.181675464 -0.118797146 0.976156354 -0.003094574
0.982480943 0.017471991 -0.185542688 -0.002902742 0.008751802 0.990171492 0.139583766 -0.033475462 0.186157927 -0.138762176 0.972671747 0.014232727
0.983110964 0.016255755 -0.182287365 -0.001537796 0.008598056 0.990844905 0.134731010 -0.018820863 0.182808653 -0.134022862 0.973970413 0.015293540
0.982623398 0.014492651 -0.185044050 0.002107417 0.008014433 0.992704391 0.120306894 0.009861244 0.185437560 -0.119699404 0.975338161 -0.019149829
0.984162152 0.011532370 -0.176895663 -0.008944012 0.012179433 0.991124749 0.132374942 -0.011790901 0.176852316 -0.132432848 0.975287080 0.009259953
0.983082116 0.013904384 -0.182637230 0.001548846 0.009348312 0.992006183 0.125841796 -0.000076429 0.182926998 -0.125420138 0.975093484 -0.003692810
0.982332289 0.016415466 -0.186424091 0.004247488 0.005736854 0.993035972 0.117670663 0.016599203 0.187057450 -0.116661146 0.975397110 -0.018241310
0.983717382 0.011809851 -0.179334477 -0.009398099 0.013336693 0.990290582 0.138371140 -0.028153155 0.179227412 -0.138509795 0.974008501 0.019400841
0.982977986 0.015808323 -0.183043063 -0.003858692 0.008954533 0.990984917 0.133672968 -0.016813939 0.183506042 -0.133036628 0.973974705 0.019467099
0.982287884 0.018240750 -0.186489329 -0.001889004 0.005936621 0.991721272 0.128271177 -0.005585278 0.187285170 -0.127106294 0.974047363 0.001696409
0.982428670 0.022062210 -0.185331047 -0.009834295 0.003193242 0.990856588 0.134880856 -0.018132258 0.186612219 -0.133102581 0.973375440 0.004502047
0.982062399 0.023844920 -0.187042400 -0.003563392 -0.001277657 0.992790282 0.119856596 0.016382283 0.188551769 -0.117467642 0.975012541 -0.011732659
0.982309341 0.025380490 -0.185537502 -0.002915072 -0.002988665 0.992771447 0.119982377 0.021627985 0.187241495 -0.117305271 0.975284517 -0.017022535
0.983574152 0.026757030 -0.178511739 -0.004273615 -0.001395921 0.990050197 0.140706733 -0.016636148 0.180500448 -0.138146251 0.973825097 0.016621416
0.983404398 0.027392026 -0.179347679 0.002269951 -0.003783343 0.991417885 0.130675703 0.004416203 0.181387991 -0.127828479 0.975068271 -0.013527077
0.984679401 0.025435051 -0.172509894 -0.001700808 -0.000653361 0.989835858 0.142213106 -0.014454191 0.174373701 -0.139921546 0.974687457 0.003966690
0.987158537 0.023643639 -0.157985136 -0.014459979 0.001413921 0.987653911 0.156644464 -0.039194226 0.159738287 -0.154856235 0.974937439 0.034000766
0.986092746 0.027392725 -0.163923055 -0.003134937 -0.006488090 0.991916299 0.126726866 0.014892740 0.166069239 -0.123900853 0.978299379 -0.008936312
0.987000048 0.027335314 -0.158378571 -0.003712646 -0.005362464 0.990482450 0.137533814 -0.005003988 0.160630658 -0.134896547 0.977752924 0.004633792
0.988487303 0.030308351 -0.148237541 -0.003947232 -0.010802213 0.991368175 0.130661219 0.011635667 0.150918037 -0.127555609 0.980282366 -0.009964323
0.988907754 0.030362723 -0.145395383 -0.002252367 -0.011684981 0.991752863 0.127630919 0.010353421 0.148071498 -0.124516204 0.981106818 -0.011696093
0.989470422 0.031413607 -0.141286910 -0.004224237 -0.013460647 0.991904497 0.126270607 0.011358776 0.144109756 -0.123039134 0.981882751 -0.004148542
0.991060495 0.033543296 -0.129127771 -0.005558087 -0.013403501 0.988013744 0.153782189 -0.029541554 0.132738411 -0.150676638 0.979630947 0.023533443
0.992303610 0.036111251 -0.118447781 -0.003280726 -0.017259577 0.987531006 0.156475842 -0.041967873 0.122621410 -0.153227165 0.980553567 0.022399161
0.992602110 0.039211709 -0.114907935 -0.001326386 -0.021066418 0.987679839 0.155063480 -0.046115585 0.119572565 -0.151495621 0.981198907 0.026846305
0.993882775 0.040727101 -0.102656975 -0.010278003 -0.026013087 0.989696920 0.140794605 -0.014940469 0.107333347 -0.137262836 0.984702349 0.006340796
0.994217634 0.047425572 -0.096345596 0.003523871 -0.033708684 0.989674628 0.139312163 -0.019497402 0.101957746 -0.135258868 0.985550404 0.004899046
0.995784342 0.041860484 -0.081618212 -0.012768983 -0.030829212 0.990768194 0.132014543 -0.012782983 0.086390920 -0.128941745 0.987881839 0.004342126
0.995019257 0.054955125 -0.083165824 0.008725194 -0.041805867 0.987447023 0.152317360 -0.032191515 0.090492465 -0.148081884 0.984826326 -0.010053829
0.996780455 0.053593334 -0.059634626 0.003080703 -0.043126773 0.985397696 0.164716065 -0.057000607 0.067591518 -0.161613926 0.984536648 0.029464625
0.998032033 0.042227194 -0.046358515 -0.014028639 -0.034661382 0.987564325 0.153346539 -0.061236423 0.052257400 -0.151437849 0.987084448 0.033903107
0.998000681 0.048746370 -0.040229686 -0.000212730 -0.042392928 0.988381863 0.145958468 -0.040772699 0.046877239 -0.143961146 0.988472521 0.022090463
0.991086125 0.107629515 -0.078513138 0.138144433 -0.102720223 0.992642462 0.064104170 0.162686288 0.084834971 -0.055467855 0.994849980 -0.147170901
0.997655332 0.067533195 -0.011108453 0.019208612 -0.066402957 0.994427085 0.081884056 0.105323479 0.016576394 -0.080954365 0.996580064 -0.076020762
0.998056889 0.062256329 0.002657512 0.009646750 -0.062154882 0.991581202 0.113591857 0.052327581 0.004436629 -0.113536254 0.993524075 -0.100348331
0.996572375 0.079094455 0.024246514 0.023124389 -0.081649423 0.987552285 0.134437755 0.032958668 -0.013311468 -0.135956615 0.990625501 -0.062700823
0.996304929 0.047135398 0.071797848 -0.033312816 -0.061337464 0.975636542 0.210644051 -0.114979222 -0.060119912 -0.214269578 0.974922657 0.131251514
0.996149778 0.049240615 0.072533742 -0.031292822 -0.062740512 0.978287339 0.197528243 -0.098798141 -0.061232518 -0.201318502 0.977610111 0.083813280
0.995346487 0.065520801 0.070656724 -0.013251946 -0.075982518 0.984619975 0.157321736 -0.005725957 -0.059262283 -0.161958292 0.985016465 -0.023050355
0.994047523 0.074425623 0.079563387 -0.002652849 -0.086041130 0.984276533 0.154261544 0.017453337 -0.066831462 -0.160189003 0.984821320 -0.017168369
0.993633807 0.078377075 0.080924802 0.004096751 -0.089302838 0.985878468 0.141663030 0.036376603 -0.068678938 -0.147987947 0.986601651 -0.036800023
0.992664874 0.073101833 0.096293800 -0.006476816 -0.088518344 0.981967449 0.167045474 -0.001189471 -0.082346089 -0.174343929 0.981235623 -0.021240508
0.990198910 0.082329795 0.112817593 -0.000826038 -0.102138661 0.977810919 0.182902455 -0.008388036 -0.095256045 -0.192632779 0.976636589 -0.003806263
0.988696635 0.083931908 0.124235623 -0.008152071 -0.106256060 0.976851404 0.185663328 -0.006083283 -0.105776757 -0.196765438 0.974727988 -0.008299243
0.986990094 0.087865971 0.134647429 -0.006220906 -0.113164395 0.974538505 0.193567500 -0.015460895 -0.114211172 -0.206286490 0.971803367 -0.010352405
0.985474229 0.095557198 0.140390649 0.000961869 -0.119299114 0.977876723 0.171827808 0.030710459 -0.120865420 -0.186080307 0.975072205 -0.034042984
0.983552933 0.097975701 0.151737928 -0.002597322 -0.123412848 0.977944851 0.168502674 0.035982486 -0.131882176 -0.184457675 0.973952055 -0.043308031
0.981199145 0.104236022 0.162429422 -0.001440098 -0.136030912 0.970530450 0.198911980 -0.027509186 -0.136909008 -0.217267632 0.966463029 0.011774730
0.980423987 0.103345804 0.167596862 -0.004102604 -0.136962533 0.969466388 0.203410998 -0.039617062 -0.141457960 -0.222383454 0.964642644 0.015878441
0.979553163 0.106752455 0.170527577 -0.001131339 -0.138720036 0.972288966 0.188177139 -0.021846652 -0.145713806 -0.207985073 0.967217565 -0.006446265
0.978560150 0.108672798 0.174958512 -0.004224416 -0.141406015 0.972112894 0.187084541 -0.029705137 -0.149748534 -0.207813591 0.966638029 0.003006835
0.978294969 0.106532775 0.177735910 -0.002627944 -0.139927119 0.972261190 0.187425837 -0.042634353 -0.152838826 -0.208227754 0.966065049 0.026535902
0.978032053 0.106061101 0.179456532 -0.005282464 -0.138693348 0.973772824 0.180361629 -0.038441077 -0.155620664 -0.201288804 0.967091024 0.013631832
0.978764415 0.111114487 0.172261655 0.000612204 -0.139635280 0.976622581 0.163432240 -0.011739939 -0.150075033 -0.184015423 0.971398950 -0.010339145
0.978740633 0.113884002 0.170580164 0.006505910 -0.141512841 0.976968110 0.159709603 -0.007891625 -0.148463115 -0.180453464 0.972314477 -0.003961770
0.977527738 0.107150503 0.181544453 -0.008791635 -0.139041200 0.975023925 0.173193216 -0.036268454 -0.158452600 -0.194543317 0.968011200 0.023267595
0.977809131 0.109930597 0.178337634 -0.004457165 -0.139789060 0.976408899 0.164574429 -0.022108916 -0.156038791 -0.185852051 0.970108688 -0.010080951
0.976705968 0.104869530 0.187210634 -0.009429626 -0.137193233 0.976016879 0.169023708 -0.036744289 -0.164995402 -0.190770492 0.967668891 0.023369793
0.976002753 0.102924787 0.191898346 -0.017029664 -0.139265031 0.972494125 0.186709777 -0.075259723 -0.167403027 -0.208953992 0.963490725 0.040365696
0.974625587 0.100468516 0.200027391 -0.019997239 -0.140898481 0.969724357 0.199455172 -0.101978168 -0.173932582 -0.222577691 0.959273994 0.084616721
0.974278450 0.101557203 0.201165557 -0.018219342 -0.139288574 0.973136127 0.183316126 -0.078797810 -0.177144483 -0.206621006 0.962251365 0.066771321
0.974910021 0.105547309 0.195985138 -0.018137772 -0.139928624 0.975317895 0.170806915 -0.066602468 -0.173119709 -0.193945304 0.965616286 0.031067980
0.974930763 0.104352534 0.196520686 -0.018228536 -0.139435247 0.974804103 0.174111113 -0.074319623 -0.173400342 -0.197148219 0.964916945 0.036153156
0.975283623 0.113684908 0.189466193 -0.004315233 -0.142695591 0.978751600 0.147252619 -0.026915288 -0.168700054 -0.170649067 0.970782757 0.014009015
0.976457119 0.113222748 0.183608353 -0.002613335 -0.139424115 0.980752587 0.136693999 -0.009763031 -0.164597586 -0.159075245 0.973448873 -0.008217108
0.975607038 0.113499314 0.187906459 -0.007863292 -0.142175570 0.978878558 0.146910459 -0.027393157 -0.167263478 -0.170042604 0.971137702 0.004587666
0.974761784 0.113366164 0.192321092 -0.013396345 -0.144370764 0.977195919 0.155709177 -0.043045215 -0.170283347 -0.179544941 0.968899906 0.014995378
0.975007772 0.113498166 0.190991640 -0.014092989 -0.143044025 0.978470683 0.148772910 -0.032952864 -0.169994384 -0.172374994 0.970251799 0.004730899
0.975394905 0.117932916 0.186269611 -0.005425475 -0.145728096 0.978885770 0.143338516 -0.026813120 -0.165432453 -0.166956395 0.971986353 0.004019701
0.974077344 0.111190528 0.197002292 -0.021242386 -0.143648759 0.976777852 0.158965424 -0.058601737 -0.174752146 -0.183143750 0.967429578 0.041959196
0.973629892 0.113600522 0.197837293 -0.026596613 -0.147507250 0.975019276 0.166069835 -0.072350495 -0.174029663 -0.190873012 0.966064751 0.031081155
0.973503828 0.116029292 0.197046980 -0.024727345 -0.150417492 0.973962128 0.169623733 -0.082133152 -0.172235087 -0.194768667 0.965608656 0.049839862
0.973823071 0.121733025 0.191962466 -0.014856786 -0.154522762 0.973893166 0.166297495 -0.076253980 -0.166707158 -0.191606894 0.967210174 0.053257883
0.973483920 0.126651898 0.190495208 -0.017773267 -0.159820601 0.972353578 0.170252919 -0.085006244 -0.163665980 -0.196183562 0.966812015 0.039848916
0.973493755 0.124728195 0.191710010 -0.023727484 -0.157176599 0.973756790 0.164600253 -0.076034069 -0.166148722 -0.190369666 0.967550516 0.044112016
0.974614859 0.134890094 0.178690732 -0.012744647 -0.161265418 0.976588547 0.142366290 -0.033584259 -0.155303657 -0.167568952 0.973550856 0.006471574
0.974724412 0.140101895 0.174022391 -0.011265858 -0.166748524 0.974625647 0.149331197 -0.046648704 -0.148685232 -0.174574763 0.973353148 0.019484280
0.974540114 0.138433293 0.176373944 -0.012921928 -0.168550298 0.971074700 0.169129014 -0.079872645 -0.147859320 -0.194550917 0.969684184 0.046060927
0.975021303 0.143681124 0.169378042 -0.006636147 -0.172689676 0.969971478 0.171270877 -0.082592852 -0.139683560 -0.196242645 0.970555127 0.044148862
0.975414634 0.136171028 0.173273727 -0.027638568 -0.167797595 0.968615234 0.183379784 -0.091615781 -0.142864704 -0.207946196 0.967650771 0.053132676
0.976143718 0.128880069 0.174738348 -0.037781127 -0.164268091 0.964626372 0.206183299 -0.125506207 -0.141984448 -0.229968458 0.962785006 0.077842765
0.975921750 0.134137958 0.171999991 -0.041331302 -0.168669820 0.964084029 0.205164135 -0.122990109 -0.138302147 -0.229235277 0.963495553 0.086822912
0.976226568 0.134048313 0.170331225 -0.050694123 -0.167291030 0.965645552 0.198852524 -0.112692766 -0.137823746 -0.222619981 0.965113938 0.078908414
0.976305723 0.135065138 0.169069827 -0.056284003 -0.166579306 0.967786610 0.188786104 -0.088270254 -0.138125151 -0.212476432 0.967354715 0.061424159
0.977490067 0.141512319 0.156484485 -0.042864066 -0.169794843 0.967892408 0.185347840 -0.072709993 -0.125231147 -0.207745910 0.970133424 0.042045370
0.977885723 0.140847012 0.154602200 -0.046340644 -0.170853421 0.964338958 0.202137128 -0.103192315 -0.120618530 -0.224081278 0.967077374 0.075937636
0.978784978 0.140731737 0.148911834 -0.042844251 -0.172117308 0.959048867 0.224946633 -0.144140750 -0.111156583 -0.245804623 0.962924898 0.112866111
0.980734766 0.141493663 0.134681180 -0.032229450 -0.168486536 0.961596906 0.216665313 -0.122468323 -0.098852210 -0.235183150 0.966911197 0.092658959
0.980540574 0.141101047 0.136495203 -0.042524878 -0.170148388 0.957635164 0.232345492 -0.134705961 -0.097928405 -0.251048595 0.963008106 0.098019816
0.980185866 0.145800397 0.134082556 -0.044271771 -0.175728649 0.952439010 0.248956621 -0.155284017 -0.091407493 -0.267585874 0.959188461 0.124357767
0.982088983 0.146992639 0.117874362 -0.039674871 -0.171559796 0.956270993 0.236881211 -0.143659532 -0.077900089 -0.252860934 0.964361429 0.110395029
0.984151840 0.141302824 0.107138418 -0.041701484 -0.163280755 0.957769036 0.236680523 -0.159380659 -0.069170266 -0.250423193 0.965662360 0.115917929
0.984760702 0.144302249 0.097073771 -0.040985078 -0.162884369 0.960879982 0.224004641 -0.137547284 -0.060951941 -0.236402720 0.969741464 0.103999309
0.985255897 0.145618916 0.089810871 -0.040607378 -0.162329346 0.961462736 0.221897185 -0.130437523 -0.054037441 -0.233204439 0.970925152 0.100841217
0.986670434 0.144100204 0.075607538 -0.036972947 -0.157620028 0.961795568 0.223841757 -0.138421461 -0.040463418 -0.232775271 0.971688509 0.090435594
0.987772882 0.140380830 0.067807756 -0.033920243 -0.151685372 0.965848744 0.210065842 -0.118499562 -0.036002904 -0.217782736 0.975333154 0.097259097
0.988061428 0.144117385 0.054452568 -0.026403364 -0.151916280 0.970192492 0.188806087 -0.081851080 -0.025619313 -0.194824189 0.980503559 0.056914248
0.988379538 0.143103749 0.051258639 -0.025098940 -0.150535911 0.968284428 0.199409604 -0.097968414 -0.021096751 -0.204808593 0.978574693 0.065328315
0.989468873 0.131694213 0.060065277 -0.034155566 -0.141570166 0.966945291 0.212072253 -0.120316193 -0.030151198 -0.218342379 0.975406349 0.090429097
0.988922596 0.136017174 0.059423324 -0.031798139 -0.145460322 0.967773318 0.205562696 -0.096090004 -0.029548295 -0.211929351 0.976838112 0.079330049
0.988372386 0.140550539 0.058011670 -0.031161617 -0.149778441 0.965679348 0.212202102 -0.098008417 -0.026195597 -0.218423665 0.975502431 0.059021261
0.989040434 0.136431724 0.056438304 -0.032828305 -0.145691544 0.963807344 0.223269776 -0.113237813 -0.023934621 -0.229045466 0.973121464 0.085773170
0.988565505 0.143562600 0.046131194 -0.024753639 -0.150142059 0.965489805 0.212806761 -0.089333743 -0.013988137 -0.217299640 0.976004660 0.063592337
0.988705337 0.144728780 0.038928844 -0.026707424 -0.149770722 0.963706851 0.220992625 -0.097246952 -0.005532035 -0.224326998 0.974498153 0.054089457
0.989406645 0.138721988 0.042788941 -0.038591981 -0.144960850 0.959943533 0.239780843 -0.147472173 -0.007812107 -0.243443415 0.969883800 0.116247624
0.988141358 0.150981233 0.027954429 -0.019755088 -0.153449968 0.964529634 0.214792565 -0.125751287 0.005466762 -0.216535002 0.976259589 0.101500757
0.987682462 0.152124524 0.036632087 -0.040102117 -0.156402528 0.966822803 0.201969773 -0.131209955 -0.004692220 -0.205211341 0.978706419 0.096845411
0.986950755 0.155309886 0.042511642 -0.033988360 -0.160609707 0.968392670 0.190840229 -0.138603657 -0.011528622 -0.195177644 0.980700135 0.120847017
0.986082077 0.158447757 0.050365176 -0.028940061 -0.165259510 0.967274904 0.192531690 -0.185090899 -0.018210750 -0.198175326 0.979997396 0.152222529
0.985277116 0.158323050 0.064522475 -0.036455765 -0.166341305 0.974920273 0.147854432 -0.140761092 -0.039495505 -0.156410307 0.986902237 0.087923765
0.982953131 0.178356394 0.044635177 -0.001090923 -0.182658702 0.975002527 0.126515344 -0.125407264 -0.020954575 -0.132511675 0.990959942 0.056845378
0.984429002 0.163873196 0.063601308 -0.029926168 -0.170242131 0.978931069 0.112744570 -0.120968767 -0.043785580 -0.121816635 0.991586447 0.077195108
0.983865619 0.165315762 0.068403684 -0.026783032 -0.172090337 0.979013443 0.109167092 -0.124831155 -0.048921172 -0.119177334 0.991667151 0.079264827
0.982797086 0.167394102 0.078032501 -0.036151353 -0.174409643 0.980178416 0.093976304 -0.111413650 -0.060754694 -0.105969258 0.992511630 0.056640267
0.982017279 0.170391873 0.081295580 -0.028831437 -0.177949175 0.979235291 0.097120270 -0.118366778 -0.063059084 -0.109840229 0.991946995 0.073599905
0.981681943 0.170345858 0.085340999 -0.032687649 -0.178295955 0.979253471 0.096297897 -0.121041194 -0.067166604 -0.109749809 0.991687357 0.071852699
0.980811000 0.174379140 0.087187998 -0.029613685 -0.182434723 0.978616834 0.095008478 -0.122611798 -0.068756223 -0.109091446 0.991651118 0.078525893
0.980149508 0.178207740 0.086883917 -0.025890803 -0.185971767 0.978295565 0.091390230 -0.114354938 -0.068711787 -0.105734028 0.992017746 0.073254511
0.979907036 0.176853776 0.092222705 -0.032670964 -0.185366154 0.978187799 0.093745030 -0.118424781 -0.073632047 -0.108956352 0.991315782 0.075802512
0.979678094 0.177995056 0.092459515 -0.031036781 -0.186803132 0.977555692 0.097413912 -0.120702341 -0.073045209 -0.112705961 0.990939915 0.070938826
0.979809880 0.177313507 0.092371836 -0.030287366 -0.186248407 0.977476418 0.099253520 -0.121467367 -0.072692394 -0.114453666 0.990765631 0.078916170
0.979524553 0.180066749 0.090042733 -0.025915494 -0.188280404 0.977702498 0.092995211 -0.112098426 -0.071289755 -0.108044334 0.991586864 0.067919679
0.980233371 0.176606953 0.089177378 -0.027973656 -0.184928745 0.978076994 0.095743380 -0.115598112 -0.070313461 -0.110342279 0.991403401 0.069897830
0.980173230 0.174827367 0.093253158 -0.033242922 -0.183835208 0.977979839 0.098792262 -0.120246589 -0.073928200 -0.113976695 0.990729094 0.078491189
0.979690075 0.177178532 0.093888886 -0.028658200 -0.186357751 0.977361441 0.100175351 -0.120855585 -0.074014559 -0.115637697 0.990530252 0.077125520
0.979767263 0.175946131 0.095387742 -0.027931411 -0.184273064 0.979026139 0.086896501 -0.100290932 -0.078098096 -0.102715731 0.991640270 0.054826878
0.978548944 0.187283516 0.085829601 -0.001151802 -0.195556775 0.975473821 0.101034552 -0.123348430 -0.064802408 -0.115651801 0.991173625 0.049266119
0.978337884 0.185276493 0.092344388 -0.003684329 -0.194503441 0.975412905 0.103623599 -0.124926016 -0.070874885 -0.119340196 0.990320385 0.047314778
0.978527367 0.173817798 0.110776588 -0.031869851 -0.184478432 0.978276849 0.094562083 -0.104312353 -0.091933705 -0.112967469 0.989336550 0.053925712
0.978173852 0.182570398 0.099217184 -0.009291536 -0.191798478 0.977005720 0.093128309 -0.101010054 -0.079933263 -0.110125355 0.990698278 0.033582244
0.978367686 0.174957111 0.110393159 -0.033149589 -0.185291260 0.978413045 0.091515377 -0.102965735 -0.091998838 -0.109990582 0.989665747 0.030454122
0.978598773 0.171178594 0.114202462 -0.027708117 -0.183101654 0.977615356 0.103642724 -0.115557380 -0.093904763 -0.122335285 0.988036513 0.065917537
0.978463471 0.169506520 0.117799334 -0.032064084 -0.181465060 0.978351533 0.099490918 -0.103672929 -0.098384917 -0.118724667 0.988041103 0.051790468
0.978242755 0.171475634 0.116778687 -0.026507813 -0.184268966 0.976777375 0.109319910 -0.119148314 -0.095321178 -0.128460065 0.987123191 0.067890711
0.977885485 0.172970280 0.117564097 -0.026677653 -0.185483858 0.976975560 0.105425544 -0.112407245 -0.096621856 -0.124900334 0.987453520 0.056669377
0.977429748 0.183451235 0.104770578 0.000261243 -0.193935916 0.975843132 0.100592203 -0.098959230 -0.083785862 -0.118640572 0.989395857 0.014095575
0.977015793 0.181960538 0.111043453 -0.000104340 -0.194692925 0.973831832 0.117242873 -0.126203895 -0.086804070 -0.136167467 0.986875534 0.053408191
0.977121651 0.181537762 0.110803545 -0.001450623 -0.194316104 0.973800182 0.118127763 -0.125181049 -0.086455852 -0.136956081 0.986796975 0.045185890
0.977325022 0.180547491 0.110627100 -0.001090254 -0.193125367 0.974282801 0.116083197 -0.121802695 -0.086823538 -0.134815902 0.987059355 0.041723210
0.977426767 0.180827051 0.109265007 -0.002253379 -0.193388849 0.973994017 0.118052565 -0.121314190 -0.085076332 -0.136518344 0.986977696 0.042014737
0.977646530 0.181365386 0.106368050 -0.001881420 -0.192989394 0.974828601 0.111643173 -0.106296055 -0.083442420 -0.129675433 0.988039315 0.029377908
0.977570772 0.182453424 0.105197221 -0.002454354 -0.193095818 0.975881875 0.101826787 -0.086955436 -0.084081404 -0.119856015 0.989224434 0.013843177
0.977569401 0.188064307 0.094815873 0.010887452 -0.196783900 0.976030707 0.092951782 -0.066153273 -0.075062275 -0.109525040 0.991145730 -0.009125009
0.977634430 0.186049953 0.098062515 0.007485780 -0.195939884 0.975160837 0.103290193 -0.085333288 -0.076409556 -0.120194405 0.989805460 0.013598409
0.977944791 0.183658823 0.099465981 0.006281388 -0.193751231 0.975562394 0.103626914 -0.088330314 -0.078003228 -0.120613053 0.989630282 0.013040794
0.978235543 0.183949009 0.096011132 0.009759631 -0.193090722 0.976410151 0.096639842 -0.071233153 -0.075969398 -0.113075368 0.990677893 -0.007674848
0.977784991 0.184120342 0.100181565 0.008802108 -0.194647700 0.974904716 0.108041964 -0.090063281 -0.077774756 -0.125141889 0.989085734 0.018523537
0.977978826 0.178036243 0.108906865 -0.004317175 -0.191281691 0.973347604 0.126514584 -0.120461293 -0.083480045 -0.144560471 0.985968232 0.049968991
0.977947712 0.180648446 0.104807436 -0.001023923 -0.192632601 0.974093735 0.118466750 -0.106735967 -0.080691420 -0.136043608 0.987411261 0.032469269
0.978015125 0.180916637 0.103709571 0.000195416 -0.193262905 0.973166227 0.124888465 -0.117471568 -0.078332238 -0.142186001 0.986735702 0.037404813
0.978030562 0.185523972 0.095063955 0.012985113 -0.195160687 0.975162446 0.104741186 -0.077379182 -0.073270731 -0.120992810 0.989945531 0.012570246
0.978048086 0.183645010 0.098472059 0.010219838 -0.194020495 0.974940181 0.108847328 -0.081605226 -0.076015070 -0.125563458 0.989169061 0.009981688
0.978171408 0.182322904 0.099695526 0.007616499 -0.192904934 0.975093424 0.109455265 -0.080662370 -0.077256225 -0.126297742 0.988979399 0.013573931
0.977972090 0.182900131 0.100588724 0.008454421 -0.193952262 0.974362671 0.114017420 -0.088897601 -0.077156059 -0.131015241 0.988373399 0.026496522
0.977985382 0.181220636 0.103460565 0.003800066 -0.192747474 0.974472940 0.115112744 -0.092433579 -0.079958700 -0.132520303 0.987949908 0.030069757
0.978232861 0.180258751 0.102798358 0.001984752 -0.192369238 0.973519266 0.123509012 -0.106791981 -0.077812575 -0.140595779 0.987004578 0.045938764
0.977923572 0.184112445 0.098833896 0.005868109 -0.195442632 0.973243773 0.120825469 -0.100690782 -0.073943980 -0.137474418 0.987741411 0.031989120
0.977874935 0.184738755 0.098145910 0.004820596 -0.196355894 0.972395360 0.126061797 -0.110462189 -0.072148122 -0.142544165 0.987155437 0.032999352
0.978024185 0.183584407 0.098820888 0.002784056 -0.195197091 0.972816467 0.124604672 -0.107825562 -0.073259071 -0.141155913 0.987273097 0.035971694
0.977791846 0.185058475 0.098368980 0.003606554 -0.196538433 0.972651422 0.123782329 -0.105760746 -0.072771721 -0.140366629 0.987421691 0.044808779
0.977903128 0.187651038 0.092155434 0.012286264 -0.197253302 0.974233031 0.109367065 -0.080314271 -0.069258012 -0.125128329 0.989720285 0.018165119
0.977662921 0.188291669 0.093388662 0.010885937 -0.198255703 0.973694146 0.112312876 -0.084696501 -0.069784388 -0.128318951 0.989274681 0.017302651
0.977374017 0.190626025 0.091660805 0.013188507 -0.200485453 0.973019540 0.114186332 -0.086414590 -0.067420855 -0.129979387 0.989221871 0.015503751
0.977926195 0.185679033 0.095831327 0.007972301 -0.196206301 0.973729551 0.115558498 -0.090850428 -0.071856983 -0.131810367 0.988667130 0.027364254
0.978024006 0.181535169 0.102538645 -0.002201866 -0.193796724 0.972917616 0.125992939 -0.110200301 -0.076889500 -0.143095732 0.986717641 0.034720920
0.977750480 0.182663187 0.103142358 0.000011418 -0.195413828 0.971901298 0.131230682 -0.119319871 -0.076273158 -0.148466289 0.985971689 0.049584299
0.977830827 0.184141338 0.099695392 0.002725345 -0.195466787 0.973440409 0.119191565 -0.098332308 -0.075099401 -0.136036292 0.987853348 0.021198448
0.978013635 0.180528104 0.104399145 -0.005551076 -0.192554250 0.973962486 0.119666740 -0.096588783 -0.080077611 -0.137138188 0.987309933 0.032078918
0.978067517 0.185061097 0.095584705 0.006065410 -0.195069015 0.974728286 0.108871117 -0.077850066 -0.073021293 -0.125128925 0.989449680 0.016265720
0.978187501 0.184776172 0.094905667 0.006968291 -0.194979593 0.974308908 0.112717248 -0.085310400 -0.071639940 -0.128763229 0.989084303 0.020251377
0.978181124 0.185562685 0.093425773 0.010851211 -0.195437416 0.974433303 0.110833526 -0.080960765 -0.070470586 -0.126674116 0.989438057 0.021065693
0.978261471 0.184779122 0.094134189 0.009398951 -0.194743797 0.974577546 0.110786080 -0.080701694 -0.071270086 -0.126709774 0.989376247 0.017836060
0.977675974 0.184679851 0.100215666 0.004257544 -0.196749151 0.972047150 0.128118068 -0.114164919 -0.073753491 -0.144975305 0.986682594 0.042679265
0.977909863 0.184387594 0.098455720 0.006740988 -0.195219994 0.974005163 0.114905067 -0.088831112 -0.074709289 -0.131587297 0.988485277 0.022906180
0.977740765 0.185718089 0.097632639 0.008543778 -0.196333140 0.973942935 0.113528885 -0.086608902 -0.074004248 -0.130170316 0.988725901 0.019693770
0.978288352 0.182033971 0.099074021 0.004817076 -0.192801729 0.974724233 0.112872772 -0.084017314 -0.076023147 -0.129523724 0.988657773 0.017738756
0.978145421 0.180256441 0.103631876 0.002780315 -0.192798689 0.972924352 0.127463594 -0.108686551 -0.077849835 -0.144657969 0.986414433 0.043338452
0.978472471 0.181365669 0.098479688 0.008304995 -0.192528754 0.974039614 0.119078122 -0.091563515 -0.074326441 -0.135474801 0.987988949 0.023359936
0.978899896 0.177208677 0.101745971 0.005256604 -0.188549206 0.975252986 0.115459293 -0.081061363 -0.078767657 -0.132207185 0.988087595 0.024311148
0.979018390 0.175934806 0.102810934 0.007981542 -0.188200161 0.974120677 0.125178710 -0.088531017 -0.078126952 -0.141901299 0.986792922 0.026807498
0.978613377 0.177188724 0.104499675 0.008512096 -0.190328375 0.972646773 0.133166656 -0.090053774 -0.078045636 -0.150207922 0.985569179 0.016660416
0.978030980 0.175850585 0.111947119 0.005615804 -0.191151798 0.970781147 0.145068079 -0.102167763 -0.083165839 -0.163279936 0.983068287 0.035911374
0.977860272 0.171426341 0.120010823 -0.001510017 -0.189694598 0.968301415 0.162506044 -0.125671744 -0.088348813 -0.181673571 0.979382098 0.062781096
0.977633715 0.170952827 0.122505255 -0.002538836 -0.190269694 0.967102051 0.168851957 -0.128513992 -0.089609355 -0.188384384 0.977998734 0.055593729
0.977275908 0.170959741 0.125318527 -0.004408299 -0.191309899 0.965959251 0.174135834 -0.133606210 -0.091282353 -0.194153383 0.976714969 0.063867345
0.977450252 0.170964301 0.123944551 -0.003602248 -0.191087008 0.965920448 0.174595743 -0.133709446 -0.089870907 -0.194342822 0.976808190 0.056372717
0.977489352 0.173787683 0.119635664 0.003334345 -0.191276535 0.969240248 0.154876545 -0.097076982 -0.089040056 -0.174273595 0.980663359 0.022448044
0.977535129 0.177460879 0.113723792 0.011754832 -0.192864433 0.970750749 0.142990917 -0.074824974 -0.085022159 -0.161711872 0.983168662 0.002887041
0.977476895 0.178709880 0.112257823 0.015475434 -0.194221720 0.969848752 0.147212043 -0.081728287 -0.082564801 -0.165699258 0.982714057 0.009325865
0.977539301 0.173444986 0.119724378 0.004525865 -0.192413703 0.966261923 0.171215743 -0.123096332 -0.085988544 -0.190406770 0.977932155 0.045308068
0.978089750 0.172703579 0.116249561 0.010186734 -0.189878017 0.969013512 0.157984465 -0.097735912 -0.085362889 -0.176596224 0.980574787 0.020158935
0.978012800 0.173200697 0.116158500 0.011153735 -0.190716133 0.968157351 0.162168905 -0.104700834 -0.084371909 -0.180756569 0.979902327 0.026139662
0.978237927 0.171612605 0.116617665 0.006816559 -0.188596323 0.969753027 0.154952928 -0.092077397 -0.086498424 -0.173574507 0.981014848 0.011646811
0.977932394 0.166199654 0.126594871 -0.004488577 -0.186241746 0.968074918 0.167764783 -0.115672514 -0.094670840 -0.187639847 0.977664888 0.054402936
0.977692127 0.173405796 0.118528254 0.008138228 -0.191371277 0.967992485 0.162380725 -0.105993316 -0.086576693 -0.181441247 0.979583263 0.034474775
0.977461338 0.166876122 0.129312500 -0.006149077 -0.187422752 0.967857361 0.167704344 -0.115514375 -0.097170196 -0.188160658 0.977319658 0.051993866
0.977416754 0.170296162 0.125123888 0.001969894 -0.189576596 0.968220055 0.163127691 -0.107330240 -0.093367435 -0.183164254 0.978638530 0.033392914
0.977689028 0.171001285 0.121995009 0.005938581 -0.188852429 0.969846129 0.154055819 -0.090108424 -0.091972664 -0.173657715 0.980501890 0.017444555
0.977525115 0.172377005 0.121371247 0.007973541 -0.190716743 0.968409657 0.160654664 -0.102293789 -0.089843929 -0.180191472 0.979519904 0.023547966
0.977868795 0.167382002 0.125522047 -0.001219637 -0.185850665 0.970476568 0.153736368 -0.089132637 -0.096083507 -0.173662350 0.980106771 0.026645545
0.977938294 0.167466640 0.124866448 -0.002971404 -0.186619326 0.968981147 0.162014768 -0.105180189 -0.093861192 -0.181742907 0.978856266 0.032641042
0.978135109 0.169688642 0.120238900 0.005109430 -0.187888727 0.968887031 0.161108345 -0.101466388 -0.089159667 -0.180177271 0.979584992 0.034912538
0.978136361 0.165458590 0.125986859 -0.007016317 -0.184100688 0.970685899 0.154518664 -0.087476797 -0.096727237 -0.174334556 0.979924202 0.017473761
0.977885485 0.165863603 0.127394482 -0.004751970 -0.186228827 0.967777848 0.169484094 -0.113758020 -0.095178321 -0.189460546 0.977264404 0.035411842
0.977624595 0.171472162 0.121849574 0.007828756 -0.190146148 0.968088567 0.163245201 -0.099437833 -0.089969181 -0.182761744 0.979032040 0.022983300
0.977954149 0.165775552 0.126980901 0.001959254 -0.186129168 0.967676044 0.170173854 -0.107776500 -0.094665706 -0.190057069 0.977198422 0.036541700
0.978094935 0.166683406 0.124687254 0.005562832 -0.185155019 0.970373154 0.155221507 -0.076790780 -0.095120318 -0.174907818 0.979979277 0.007260507
0.978114128 0.161343575 0.131381303 -0.006791557 -0.181502357 0.970350862 0.159613311 -0.080334641 -0.101733357 -0.179966047 0.978397965 0.014925381
0.978459895 0.167127341 0.121179946 0.011894104 -0.184002444 0.972185075 0.144911259 -0.049243938 -0.093590707 -0.164087281 0.981996000 -0.023243412
0.978577912 0.163714841 0.124830768 0.005965961 -0.181667879 0.971937478 0.149447188 -0.056795463 -0.096860953 -0.168923467 0.980858326 -0.018525450
0.978340805 0.166254938 0.123323441 0.010517128 -0.185534343 0.968471885 0.166250825 -0.086294636 -0.091795266 -0.185530692 0.978341401 0.009647243
0.978368223 0.166013807 0.123429812 0.010076730 -0.184222788 0.970626235 0.154747352 -0.065503560 -0.094114013 -0.174138471 0.980213523 -0.002041977
0.977914870 0.165656641 0.127437517 0.003806415 -0.185733765 0.968402803 0.166430801 -0.087240756 -0.095840462 -0.186424628 0.977783501 0.016492797
0.977896631 0.167853966 0.124673061 0.006877563 -0.187244624 0.968370259 0.164920300 -0.084265754 -0.093047157 -0.184619352 0.978395641 0.003694289
0.977857947 0.170389891 0.121495239 0.011304435 -0.188260302 0.969786942 0.155150086 -0.066119447 -0.091388457 -0.174587503 0.980391502 -0.012352115
0.977756143 0.171954989 0.120101124 0.013925416 -0.190033987 0.968605042 0.160285965 -0.074538767 -0.088768572 -0.179543883 0.979736865 -0.002055460
0.977775455 0.168039218 0.125372171 0.003022898 -0.187059715 0.969274879 0.159734398 -0.074865744 -0.094678454 -0.179636434 0.979166389 0.001152053
0.978094637 0.167529136 0.123551138 0.004043619 -0.186396599 0.969099760 0.161561310 -0.078709304 -0.092667148 -0.181051761 0.979098082 0.003145256
0.978060424 0.166606247 0.125060737 0.000317791 -0.185328841 0.970035136 0.157114848 -0.071327180 -0.095136993 -0.176845163 0.979629993 -0.001556410
0.977842033 0.170635939 0.121277705 0.008081493 -0.189758182 0.967133701 0.169246122 -0.093294084 -0.088412285 -0.188509405 0.978083611 0.013590159
0.978227019 0.167200252 0.122947022 0.002930636 -0.186701849 0.967683434 0.169503346 -0.093064241 -0.090632796 -0.188767195 0.977830648 0.021546345
0.978150010 0.167963848 0.122518040 0.004365232 -0.187551469 0.967181444 0.171419546 -0.096579947 -0.089704871 -0.190652445 0.977550447 0.026711686
0.978060544 0.164665699 0.127604201 -0.006191694 -0.185365349 0.967433572 0.172372445 -0.096347131 -0.095064752 -0.192244068 0.976731777 0.028273195
0.978196263 0.168843389 0.120929174 0.006355389 -0.187230721 0.968917310 0.161690801 -0.077111922 -0.089869961 -0.180806994 0.979404092 0.010576523
0.978134632 0.163597733 0.128406852 -0.005562058 -0.184011728 0.968498707 0.167780101 -0.088044852 -0.096913412 -0.187739894 0.977425992 0.017975822
0.978293657 0.164241984 0.126356989 -0.002193696 -0.184458509 0.968056440 0.169829309 -0.089328513 -0.094427586 -0.189450577 0.977339268 0.022211542
0.978091598 0.162023827 0.130709738 -0.007773737 -0.183461323 0.967611670 0.173406124 -0.096251063 -0.098380364 -0.193587258 0.976137996 0.025753692
0.978385806 0.160163313 0.130801186 -0.008359034 -0.181772500 0.967692256 0.174729928 -0.098242447 -0.098589972 -0.194729328 0.975889623 0.033594612
0.978135288 0.161104456 0.131517336 -0.010052161 -0.183003172 0.967176974 0.176291361 -0.100908726 -0.098799199 -0.196504861 0.975512505 0.032581918
0.978213429 0.165197581 0.125731140 -0.001779440 -0.185162872 0.968142688 0.168566167 -0.087433375 -0.093878970 -0.188174427 0.977638602 0.010138789
0.978259861 0.163972229 0.126967967 -0.000978043 -0.184693262 0.967307448 0.173795328 -0.096282274 -0.094319440 -0.193467110 0.976562560 0.028211571
0.978013575 0.166827396 0.125132531 0.001037417 -0.186658457 0.967861593 0.168531001 -0.085869409 -0.092995383 -0.188182667 0.977721453 0.016891718
0.978059232 0.164552927 0.127760157 -0.001051267 -0.185522065 0.966964602 0.174817726 -0.098043427 -0.094772793 -0.194684416 0.976276636 0.033529863
0.978037477 0.161164269 0.132169202 -0.008690596 -0.182908580 0.967696846 0.173514917 -0.095868826 -0.099935323 -0.193878978 0.975922108 0.035121262
0.978059769 0.161712855 0.131331414 -0.008694617 -0.182710111 0.968731284 0.167859316 -0.086269483 -0.100079834 -0.188172027 0.977023721 0.016593494
0.978131115 0.161501169 0.131060570 -0.007387049 -0.182878107 0.967959762 0.172074631 -0.093472242 -0.099071108 -0.192279637 0.976326585 0.030097965
0.977946639 0.167556241 0.124680258 0.002691532 -0.186394542 0.969506681 0.159103751 -0.069111466 -0.094219491 -0.178834721 0.979357362 -0.001846764
0.978126228 0.170330316 0.119400576 0.009949578 -0.187477186 0.970550656 0.151274621 -0.055472404 -0.090117611 -0.170350581 0.981254160 -0.018950624
0.978384078 0.172064856 0.114708759 0.014661275 -0.187490612 0.972092628 0.141008675 -0.036443114 -0.087244868 -0.159467503 0.983340561 -0.032750931
0.978033483 0.164307356 0.128272519 -0.004141534 -0.184924960 0.967907012 0.170173347 -0.090171538 -0.096195146 -0.190155998 0.977029800 0.018549830
0.978153646 0.162380010 0.129800230 -0.005319283 -0.183630794 0.967587709 0.173360869 -0.093972623 -0.097442761 -0.193408906 0.976267338 0.033459522
0.978435934 0.163538918 0.126166925 -0.001801282 -0.183090702 0.969440937 0.163285449 -0.076624647 -0.095607840 -0.182864353 0.978478432 0.011512130
0.978046656 0.160933957 0.132381752 -0.010545843 -0.182744846 0.967688560 0.173732936 -0.097583167 -0.100144774 -0.194111034 0.975854516 0.030953199
0.978029311 0.164227024 0.128406376 -0.002701662 -0.185459122 0.966731668 0.176167667 -0.102068536 -0.095203012 -0.196111262 0.975949228 0.033310212
0.978197813 0.156462535 0.136559978 -0.017750658 -0.180075034 0.966584980 0.182445556 -0.114007309 -0.103450939 -0.203058869 0.973686337 0.048414402
0.978254318 0.159256771 0.132875025 -0.010073266 -0.182263568 0.965827227 0.184276015 -0.117086060 -0.098987117 -0.204487085 0.973851442 0.052499481
0.978526115 0.163165659 0.125950783 -0.000897421 -0.183697626 0.967494965 0.173806474 -0.098018050 -0.093497515 -0.193211019 0.976692259 0.029944276
0.978287935 0.165652052 0.124547161 -0.001231016 -0.185028926 0.968816817 0.164797947 -0.081562288 -0.093364239 -0.184264690 0.978432238 0.013459072
